tensor([[[-1.2185, -1.4125, -1.4125, -1.4125, -1.4125],
         [-1.7355, -1.1382, -1.7493, -1.1382, -1.1382],
         [-1.7993, -1.8008, -1.8013, -1.8008, -1.8008],
         [-1.8088, -1.8090, -1.8090, -1.8090, -1.8090],
         [-1.8102, -1.8102, -1.8102, -1.8102, -1.8102],
         [-1.8104, -1.8104, -1.8104, -1.8104, -1.2112],
         [-1.8104, -1.8104, -1.8104, -1.8104, -1.8104],
         [-1.8104, -1.8104, -1.8104, -1.8104, -1.8104],
         [-1.8104, -1.8104, -1.8104, -1.8104, -1.8104],
         [-1.8104, -1.8104, -1.8104, -1.8104, -1.8104],
         [-1.8104, -1.8104, -1.8104, -1.8104, -1.8104],
         [-1.8104, -1.8104, -1.8104, -1.8104, -1.8104],
         [-1.8104, -1.8104, -1.8104, -1.3000, -1.8104],
         [-1.8104, -1.8104, -1.8104, -1.8104, -1.8104],
         [-1.8104, -1.3225, -1.8104, -1.8104, -1.8104],
         [-1.8104, -1.8104, -1.8104, -1.7023, -1.8104],
         [-1.8104, -1.8104, -1.8104, -1.8104, -1.8104],
         [-1.8104, -1.8104, -1.8104, -1.8104, -1.8104],
         [-1.8104, -1.8104, -1.8104, -1.8104, -1.8104],
         [-1.8104, -1.8104, -1.8104, -1.2458, -1.8104],
         [-1.2991, -1.8104, -1.8104, -1.8104, -1.8104],
         [-1.8104, -1.8104, -1.3560, -1.8104, -1.8104],
         [-1.8104, -1.8104, -1.8104, -1.6719, -1.8104],
         [-1.7034, -1.8104, -1.8104, -1.8104, -1.8104],
         [-1.8104, -1.8104, -1.8104, -1.8104, -1.8104],
         [-1.8104, -1.8104, -1.8104, -1.8104, -1.8104],
         [-1.8104, -1.8104, -1.8104, -1.8104, -1.8104],
         [-1.8104, -1.8104, -1.8104, -1.8104, -1.1962],
         [-1.2691, -1.5266, -1.8104, -1.8104, -1.8104],
         [-1.8104, -1.8104, -1.8104, -1.8104, -1.8104],
         [-1.1873, -1.8104, -1.8104, -1.8104, -1.2018],
         [-1.8104, -1.8104, -1.8104, -1.8104, -1.8104],
         [-1.8104, -1.8104, -1.8104, -1.8104, -1.8104],
         [-1.8104, -1.8104, -1.8104, -1.8104, -1.8104],
         [-1.8104, -1.8104, -1.2450, -1.8104, -1.8104],
         [-1.8104, -1.8104, -1.8104, -1.8104, -1.8104],
         [-1.8104, -1.8104, -1.1863, -1.8104, -1.8104],
         [-1.8104, -1.8104, -1.8104, -1.8104, -1.8104],
         [-1.8104, -1.8104, -1.8104, -1.8104, -1.8104],
         [-1.8104, -1.8104, -1.8104, -1.8104, -1.8104],
         [-1.8104, -1.8104, -1.8104, -1.8104, -1.8104],
         [-1.8104, -1.8104, -1.8104, -1.8104, -1.8104],
         [-1.8104, -1.8104, -1.8104, -1.8104, -1.8104],
         [-1.8104, -1.8104, -1.8104, -1.8104, -1.8104],
         [-1.8104, -1.8104, -1.8104, -1.8104, -1.8104],
         [-1.8104, -1.8104, -1.8104, -1.8104, -1.8104],
         [-1.8104, -1.8104, -1.8104, -1.8104, -1.8104],
         [-1.8104, -1.8104, -1.8104, -1.8104, -1.8104],
         [-1.8104, -1.8104, -1.8104, -1.8104, -1.8104],
         [-1.8104, -1.8104, -1.8104, -1.8104, -1.8104],
         [-1.8104, -1.8104, -1.8104, -1.8104, -1.8104],
         [-1.8104, -1.8104, -1.8104, -1.8104, -1.8104],
         [-1.8104, -1.8104, -1.8104, -1.8104, -1.8104],
         [-1.8104, -1.8104, -1.8104, -1.8104, -1.8104],
         [-1.8104, -1.8104, -1.8104, -1.8104, -1.8104],
         [-1.8104, -1.8104, -1.8104, -1.8104, -1.8104],
         [-1.8104, -1.8104, -1.8104, -1.8104, -1.8104],
         [-1.8104, -1.8104, -1.8104, -1.8104, -1.8104],
         [-1.8104, -1.8104, -1.8104, -1.8104, -1.8104],
         [-1.8104, -1.8104, -1.8104, -1.8104, -1.8104],
         [-1.8104, -1.8104, -1.8104, -1.8104, -1.8104],
         [-1.8104, -1.8104, -1.8104, -1.8104, -1.8104],
         [-1.8104, -1.8104, -1.8104, -1.8104, -1.8104],
         [-1.8104, -1.8104, -1.8104, -1.8104, -1.8104],
         [-1.8104, -1.8104, -1.8104, -1.8104, -1.8104],
         [-1.8104, -1.8104, -1.8104, -1.8104, -1.8104],
         [-1.8104, -1.8104, -1.8104, -1.8104, -1.8104],
         [-1.8104, -1.8104, -1.8104, -1.8104, -1.8104],
         [-1.8104, -1.8104, -1.8104, -1.8104, -1.8104],
         [-1.8104, -1.8104, -1.8104, -1.8104, -1.8104],
         [-1.8104, -1.8104, -1.8104, -1.8104, -1.8104],
         [-1.8104, -1.8104, -1.8104, -1.8104, -1.8104],
         [-1.8104, -1.8104, -1.8104, -1.8104, -1.8104],
         [-1.8104, -1.8104, -1.8104, -1.8104, -1.8104],
         [-1.8104, -1.8104, -1.8104, -1.8104, -1.8104],
         [-1.8104, -1.8104, -1.8104, -1.8104, -1.8104],
         [-1.8104, -1.8104, -1.8104, -1.8104, -1.8104],
         [-1.8104, -1.8104, -1.8104, -1.8104, -1.8104],
         [-1.8104, -1.8104, -1.8104, -1.8104, -1.8104]]], device='cuda:0',
       grad_fn=<PermuteBackward0>)
tensor([-1.2182, -2.4815, -3.0969, -3.5227, -1.5654])
