tensor([[[-0.0710, -0.1342, -0.1342, -0.1342, -0.1342],
         [-0.1075, -0.3537, -0.5295, -0.3537, -0.3537],
         [-0.1982, -0.7547, -1.0648, -0.7547, -0.7704],
         [-0.4273, -1.3004, -1.5345, -1.3004, -1.2290],
         [-0.9261, -1.6748, -1.7668, -1.6748, -1.5725],
         [-1.4550, -1.8101, -1.8328, -1.8101, -1.7470],
         [-1.7405, -1.8430, -1.8478, -1.8430, -1.8212],
         [-1.8270, -1.8500, -1.8510, -1.8500, -1.8444],
         [-1.8465, -1.8515, -1.8517, -1.8515, -1.8502],
         [-1.8507, -1.8518, -1.8519, -1.8518, -1.8515],
         [-1.8516, -1.8519, -1.8519, -1.8519, -1.8518],
         [-1.8518, -1.8519, -1.8519, -1.8519, -1.8519],
         [-1.8519, -1.8519, -1.8519, -1.8519, -1.8519],
         [-1.8519, -1.8519, -1.8519, -1.8519, -1.8519],
         [-1.8519, -1.8519, -1.8519, -1.8519, -1.8519],
         [-1.8519, -1.8519, -1.8519, -1.8519, -1.8519],
         [-1.8519, -1.8519, -1.8519, -1.8519, -1.8519],
         [-1.8519, -1.8519, -1.8519, -1.8519, -1.8519],
         [-1.8519, -1.8519, -1.8519, -1.8519, -1.8519],
         [-1.8519, -1.8519, -1.8519, -1.8519, -1.8519],
         [-1.8519, -1.8519, -1.8519, -1.8519, -1.8519],
         [-1.8519, -1.8519, -1.8519, -1.8519, -1.8519],
         [-1.8519, -1.8519, -1.8519, -1.8519, -1.8519],
         [-1.8519, -1.8519, -1.8519, -1.8519, -1.8519],
         [-1.8519, -1.8519, -1.8519, -1.8519, -1.8519],
         [-1.8519, -1.8519, -1.8519, -1.8519, -1.8519],
         [-1.8519, -1.8519, -1.8519, -1.8519, -1.8519],
         [-1.8519, -1.8519, -1.8519, -1.8519, -1.8519],
         [-1.8519, -1.8519, -1.8519, -1.8519, -1.8519],
         [-1.8519, -1.8519, -1.8519, -1.8519, -1.8519],
         [-1.8519, -1.8519, -1.8519, -1.8519, -1.8519],
         [-1.8519, -1.8519, -1.8519, -1.8519, -1.8519],
         [-1.8519, -1.8519, -1.8519, -1.8519, -1.8519],
         [-1.8519, -1.8519, -1.8519, -1.8519, -1.8519],
         [-1.8519, -1.8519, -1.8519, -1.8519, -1.8519],
         [-1.8519, -1.8519, -1.8519, -1.8519, -1.8519],
         [-1.8519, -1.8519, -1.8519, -1.8519, -1.8519],
         [-1.8519, -1.8519, -1.8519, -1.8519, -1.8519],
         [-1.8519, -1.8519, -1.8519, -1.8519, -1.8519],
         [-1.8519, -1.8519, -1.8519, -1.8519, -1.8519],
         [-1.8519, -1.8519, -1.8519, -1.8519, -1.8519],
         [-1.8519, -1.8519, -1.8519, -1.8519, -1.8519],
         [-1.8519, -1.8519, -1.8519, -1.8519, -1.8519],
         [-1.8519, -1.8519, -1.8519, -1.8519, -1.8519],
         [-1.8519, -1.8519, -1.8519, -1.8519, -1.8519],
         [-1.8519, -1.8519, -1.8519, -1.8519, -1.8519],
         [-1.8519, -1.8519, -1.8519, -1.8519, -1.8519],
         [-1.8519, -1.8519, -1.8519, -1.8519, -1.8519],
         [-1.8519, -1.8519, -1.8519, -1.8519, -1.8519],
         [-1.8519, -1.8519, -1.8519, -1.8519, -1.8519],
         [-1.8519, -1.8519, -1.8519, -1.8519, -1.8519],
         [-1.8519, -1.8519, -1.8519, -1.8519, -1.8519],
         [-1.8519, -1.8519, -1.8519, -1.8519, -1.8519],
         [-1.8519, -1.8519, -1.8519, -1.8519, -1.8519],
         [-1.8519, -1.8519, -1.8519, -1.8519, -1.8519],
         [-1.8519, -1.8519, -1.8519, -1.8519, -1.8519],
         [-1.8519, -1.8519, -1.8519, -1.8519, -1.8519],
         [-1.8519, -1.8519, -1.8519, -1.8519, -1.8519],
         [-1.8519, -1.8519, -1.8519, -1.8519, -1.8519],
         [-1.8519, -1.8519, -1.8519, -1.8519, -1.8519],
         [-1.8519, -1.8519, -1.8519, -1.8519, -1.8519],
         [-1.8519, -1.8519, -1.8519, -1.8519, -1.8519],
         [-1.8519, -1.8519, -1.8519, -1.8519, -1.8519],
         [-1.8519, -1.8519, -1.8519, -1.8519, -1.8519],
         [-1.8519, -1.8519, -1.8519, -1.8519, -1.8519],
         [-1.8519, -1.8519, -1.8519, -1.8519, -1.8519],
         [-1.8519, -1.8519, -1.8519, -1.8519, -1.8519],
         [-1.8519, -1.8519, -1.8519, -1.8519, -1.8519],
         [-1.8519, -1.8519, -1.8519, -1.8519, -1.8519],
         [-1.8519, -1.8519, -1.8519, -1.8519, -1.8519],
         [-1.8519, -1.8519, -1.8519, -1.8519, -1.8519],
         [-1.8519, -1.8519, -1.8519, -1.8519, -1.8519],
         [-1.8519, -1.8519, -1.8519, -1.8519, -1.8519],
         [-1.8519, -1.8519, -1.8519, -1.8519, -1.8519],
         [-1.8519, -1.8519, -1.8519, -1.8519, -1.8519],
         [-1.8519, -1.8519, -1.8519, -1.8519, -1.8519],
         [-1.8519, -1.8519, -1.8519, -1.8519, -1.8519],
         [-1.8519, -1.8519, -1.8519, -1.8519, -1.8519],
         [-1.8519, -1.8519, -1.8519, -1.8519, -1.8519]]], device='cuda:0',
       grad_fn=<PermuteBackward0>)
tensor([-1.2182, -2.4815, -3.0969, -3.5227, -1.5654])
