tensor([[[-0.1604, -0.1985, -0.1985, -0.1985, -0.1985],
         [-0.2108, -0.4773, -0.5943, -0.4773, -0.4773],
         [-0.4096, -1.1202, -1.2492, -1.1202, -1.0550],
         [-0.9737, -1.6177, -1.6653, -1.6177, -1.5631],
         [-1.5344, -1.7851, -1.7949, -1.7851, -1.7646],
         [-1.7634, -1.8202, -1.8219, -1.8202, -1.8153],
         [-1.8160, -1.8266, -1.8269, -1.8266, -1.8256],
         [-1.8258, -1.8277, -1.8278, -1.8277, -1.8275],
         [-1.8276, -1.8279, -1.8279, -1.8279, -1.8279],
         [-1.8279, -1.8280, -1.8280, -1.8280, -1.8280],
         [-1.8280, -1.8280, -1.8280, -1.8280, -1.8280],
         [-1.8280, -1.8280, -1.8280, -1.8280, -1.8280],
         [-1.8280, -1.8280, -1.8280, -1.8280, -1.8280],
         [-1.8280, -1.8280, -1.8280, -1.8280, -1.8280],
         [-1.8280, -1.8280, -1.8280, -1.8280, -1.8280],
         [-1.8280, -1.8280, -1.8280, -1.8280, -1.8280],
         [-1.8280, -1.8280, -1.8280, -1.8280, -1.8280],
         [-1.8280, -1.8280, -1.8280, -1.8280, -1.8280],
         [-1.8280, -1.8280, -1.8280, -1.8280, -1.8280],
         [-1.8280, -1.8280, -1.8280, -1.8280, -1.8280],
         [-1.8280, -1.8280, -1.8280, -1.8280, -1.8280],
         [-1.8280, -1.8280, -1.8280, -1.8280, -1.8280],
         [-1.8280, -1.8280, -1.8280, -1.8280, -1.8280],
         [-1.8280, -1.8280, -1.8280, -1.8280, -1.8280],
         [-1.8280, -1.8280, -1.8280, -1.8280, -1.8280],
         [-1.8280, -1.8280, -1.8280, -1.8280, -1.8280],
         [-1.8280, -1.8280, -1.8280, -1.8280, -1.8280],
         [-1.8280, -1.8280, -1.8280, -1.8280, -1.8280],
         [-1.8280, -1.8280, -1.8280, -1.8280, -1.8280],
         [-1.8280, -1.8280, -1.8280, -1.8280, -1.8280],
         [-1.8280, -1.8280, -1.8280, -1.8280, -1.8280],
         [-1.8280, -1.8280, -1.8280, -1.8280, -1.8280],
         [-1.8280, -1.8280, -1.8280, -1.8280, -1.8280],
         [-1.8280, -1.8280, -1.8280, -1.8280, -1.8280],
         [-1.8280, -1.8280, -1.8280, -1.8280, -1.8280],
         [-1.8280, -1.8280, -1.8280, -1.8280, -1.8280],
         [-1.8280, -1.8280, -1.8280, -1.8280, -1.8280],
         [-1.8280, -1.8280, -1.8280, -1.8280, -1.8280],
         [-1.8280, -1.8280, -1.8280, -1.8280, -1.8280],
         [-1.8280, -1.8280, -1.8280, -1.8280, -1.8280],
         [-1.8280, -1.8280, -1.8280, -1.8280, -1.8280],
         [-1.8280, -1.8280, -1.8280, -1.8280, -1.8280],
         [-1.8280, -1.8280, -1.8280, -1.8280, -1.8280],
         [-1.8280, -1.8280, -1.8280, -1.8280, -1.8280],
         [-1.8280, -1.8280, -1.8280, -1.8280, -1.8280],
         [-1.8280, -1.8280, -1.8280, -1.8280, -1.8280],
         [-1.8280, -1.8280, -1.8280, -1.8280, -1.8280],
         [-1.8280, -1.8280, -1.8280, -1.8280, -1.8280],
         [-1.8280, -1.8280, -1.8280, -1.8280, -1.8280],
         [-1.8280, -1.8280, -1.8280, -1.8280, -1.8280],
         [-1.8280, -1.8280, -1.8280, -1.8280, -1.8280],
         [-1.8280, -1.8280, -1.8280, -1.8280, -1.8280],
         [-1.8280, -1.8280, -1.8280, -1.8280, -1.8280],
         [-1.8280, -1.8280, -1.8280, -1.8280, -1.8280],
         [-1.8280, -1.8280, -1.8280, -1.8280, -1.8280],
         [-1.8280, -1.8280, -1.8280, -1.8280, -1.8280],
         [-1.8280, -1.8280, -1.8280, -1.8280, -1.8280],
         [-1.8280, -1.8280, -1.8280, -1.8280, -1.8280],
         [-1.8280, -1.8280, -1.8280, -1.8280, -1.8280],
         [-1.8280, -1.8280, -1.8280, -1.8280, -1.8280],
         [-1.8280, -1.8280, -1.8280, -1.8280, -1.8280],
         [-1.8280, -1.8280, -1.8280, -1.8280, -1.8280],
         [-1.8280, -1.8280, -1.8280, -1.8280, -1.8280],
         [-1.8280, -1.8280, -1.8280, -1.8280, -1.8280],
         [-1.8280, -1.8280, -1.8280, -1.8280, -1.8280],
         [-1.8280, -1.8280, -1.8280, -1.8280, -1.8280],
         [-1.8280, -1.8280, -1.8280, -1.8280, -1.8280],
         [-1.8280, -1.8280, -1.8280, -1.8280, -1.8280],
         [-1.8280, -1.8280, -1.8280, -1.8280, -1.8280],
         [-1.8280, -1.8280, -1.8280, -1.8280, -1.8280],
         [-1.8280, -1.8280, -1.8280, -1.8280, -1.8280],
         [-1.8280, -1.8280, -1.8280, -1.8280, -1.8280],
         [-1.8280, -1.8280, -1.8280, -1.8280, -1.8280],
         [-1.8280, -1.8280, -1.8280, -1.8280, -1.8280],
         [-1.8280, -1.8280, -1.8280, -1.8280, -1.8280],
         [-1.8280, -1.8280, -1.8280, -1.8280, -1.8280],
         [-1.8280, -1.8280, -1.8280, -1.8280, -1.8280],
         [-1.8280, -1.8280, -1.8280, -1.8280, -1.8280],
         [-1.8280, -1.8280, -1.8280, -1.8280, -1.8280]]], device='cuda:0',
       grad_fn=<PermuteBackward0>)
tensor([-1.2182, -2.4815, -3.0969, -3.5227, -1.5654])
